$ANSIBLE_VAULT;1.1;AES256
64656565613131666231323533336337353233653965636630303737346235663961383133343863
6166613962333533363735666636393461376536616330390a663038343634393237616637343130
36393363636139633662396362343238353432313532346333616365623632393463366432373565
3534353235613764630a316132653238383061623537363661646665363236633238323165613132
61336164646533666433633533616630393863643238313734663362616437663634633431616233
66653638383031666235326434653466626561383033313638376663363837643766383866653066
32646662646365373564643463373732343037643966613038313939323931353936666230353936
36373165356463633538316461643166393033396664613537343336656537653365313730643433
31353761633566356436306162663531323837303365666239363961663162313633373534306662
38303438633932393834303862333734383465613364613465346561653963393434616665643336
39303936613039396139383634323338306137626264393330393739653136646132353430643566
31663933656330366533336365366162313134386334346431333630366666656332666363626462
35333132643961366362363333646234326634663761323438626639613163373531313761353965
61396332616231363937623834353962303135313262373961363364313137313231656230326266
61326661663834353938333634386632383561653937396361366632383466353931623466653738
33386432316631633334383565383661623435356338613535333833393463326430353261373066
37396537666636303132646432646365616533646434373438343765643737343830343066326137
3466326534393130336662323330653065363165396535306365
